10
3 2
1000 99 98
TAILS
8 2
50 60 20 10 90 30 60 70
HEADS
5 2
88888888 10000011 999999999 100000001 1000000000
HEADS
20 1
76 89 49 2 31 311 56 445 343 100 900 111 323 232 32 35 6456 565 760 878
TAILS
100 10
537 460 170 640 739 788 101 491 474 55 70 538 400 514 625 772 793 386 165 994 189 319 31 808 445 544 680 176 598 609 763 493 871 446 352 825 72 279 640 868 921 312 809 376 839 958 309 45 433 888 292 234 738 79 473 242 801 784 330 793 66 379 601 722 563 908 435 8 376 603 166 611 326 895 719 343 179 122 125 186 989 686 197 52 813 234 245 49 838 522 130 621 719 122 755 158 749 615 362 262
HEADS
20 5
937504347 151431905	672306410 431919895	681463104 131756378 206733105 709551656 193908628 630944659	169927916 365045527 483270672 832969883	667082001 309421734 378250713 13048925 157765172 544193398
TAILS
30 5
907 953 831 860 816 846 872 817 896 922 815 903 921 820 870 970 865 823 817 945 858 939 996 1000 909 810 945 861 754 795
HEADS
75 2
65 8 74 97 61 19 75 52 85 80 96 82 26 52 50 67 99 27 42 61 45 67 61 52 21 13 31 16 5 50 65 53 24 65 62 51 34 43 82 68 40 1 73 63 88 44 47 6 34 57 11 51 86 55 38 25 72 94 18 92 98 65 1 16 75 61 2 92 64 63 27 17 28 75 33
TAILS
15 2
995944177 13345781 233071387 718505424 365578597 290386139 796380040 72915505 362668340 329477805 256843388 208406422 680174492 924323770 724696843
TAILS
55 55
9951 9228 677 1051 6896 4156 7747 1820 5451 3453 1889 5729 8415 3593 1605 8288 2864 6748 8284 7679 1712 7326 8575 6743 6282 3300 2314 6740 8518 8919 4122 429 2959 1037 8073 4784 4550 4688 330 2337 4731 2231 8795 3620 5686 8473 9315 1045 5754 9633 5031 7286 6027 6786 726
TAILS
